100
     46.33       8.71       1.32      30.38       9.62 
     22.92      30.09       0.04      27.21      36.93 
     10.89       5.87      49.68      18.74      10.00 
     33.87       1.00      46.10      13.99      23.29 
     16.53      30.87       5.59      32.03      40.40 
     48.51      21.55       8.16      26.69       5.39 
      8.13      11.17      42.78      37.63      47.94 
     47.13      47.59      28.67      35.20      11.34 
     12.52       9.08      25.09      17.84      17.63 
     11.66      27.14      40.23      41.26      46.60 
      1.40      39.99      16.92      36.47       1.45 
     18.73       7.24       8.51      37.43      48.54 
     41.23      32.07       8.34      10.20      27.64 
     12.40      22.71       2.61      44.24       8.13 
     43.08      27.91      10.12      28.52       0.68 
      5.88      25.60      38.61      33.31      28.12 
     12.41       4.56       1.07      27.19       4.84 
     49.15      31.98       8.37      31.20       7.36 
     41.65      22.13      33.72      25.00       9.10 
     43.30       4.14      29.26      23.90      19.22 
